# Taken from Figure 9-1. Steady-state responses as a function of wind speed of "Definition of a 5-MW Reference Wind Turbine for Offshore System Development"
blade_pitch_x: 3.0190045248868778, 7.770135746606334, 10.25972850678733, 11.30497737556561, 11.419004524886878, 11.55203619909502, 11.704072398190045, 11.875113122171944, 12.00814479638009, 12.293212669683257, 12.578280542986423, 12.996380090497736, 13.49049773755656, 14.00361990950226, 14.497737556561084, 14.991855203619908, 15.485972850678731, 15.999095022624433, 17.006334841628956, 18.01357466063348, 19.001809954751128, 20.009049773755653]

blade_pitch_value: [0, 0, 0, 0.09493670886075734, 0.9493670886075947, 1.9936708860759467, 2.6582278481012622, 3.417721518987342, 3.892405063291143, 4.651898734177209, 5.601265822784811, 6.645569620253163, 7.594936708860757, 8.639240506329116, 9.683544303797468, 10.537974683544306, 11.392405063291136, 12.151898734177216, 13.575949367088612, 15, 16.234177215189874, 17.563291139240505]

blade_pitch_units: ['x: wind speed (m/s)','degrees']

generator_torque_x: [3,  3.988235294117647, 4.995475113122172, 6.002714932126697, 6.990950226244344, 7.998190045248868, 8.986425339366516, 9.993665158371039, 11.000904977375564, 11.30497737556561, 11.476018099547511, 12.597285067873301, 14.497737556561084, 24]

generator_torque_vlaue: [0.5696202531645582, 2.563291139240505, 5.601265822784811, 9.683544303797468, 14.620253164556964, 20.22151898734177, 25.537974683544302, 31.61392405063291, 40.15822784810126, 43.101265822784804, 43.291139240506325, 43.291139240506325, 43.291139240506325, 43.291139240506325]

generator_torque_units: ['x: wind speed (m/s)','value: kN-m']

rotor_speed_x: [3, 3.2850678733031673, 3.760180995475113, 4.976470588235294, 5.394570135746607, 6.002714932126697, 6.477828054298642, 6.990950226244344, 7.485067873303167, 7.998190045248868, 8.682352941176472, 8.986425339366516, 9.366515837104071, 9.765610859728506, 10.25972850678733, 10.582805429864253, 10.848868778280542, 11.190950226244343, 11.666063348416289, 12.255203619909501, 12.882352941176471, 13.471493212669683, 14.36470588235294, 15.295927601809954]

rootor_speed_value: [7.025316455696206 ,7.025316455696206 ,7.215189873417721 ,7.5 ,7.784810126582279 ,7.974683544303794 ,8.259493670886073 ,8.449367088607595 ,8.734177215189874 ,9.11392405063291 ,9.96835443037974 ,10.348101265822784 ,10.72784810126582 ,11.202531645569614 ,11.77215189873418 ,11.867088607594937 ,11.867088607594937 ,11.962025316455694 ,12.151898734177216 ,12.056962025316459 ,12.056962025316459 ,12.151898734177216 ,12.151898734177216 ,12.151898734177216]

rotor_speed_units: ['x: wind speed (m/s)','value: RPM']

tip_speed_ratio_x: [3, 3.2850678733031673, 3.9122171945701356, 4.1972850678733025, 4.634389140271493, 5.337556561085973, 5.831674208144795, 6.515837104072398, 7.009954751131221, 7.770135746606334, 8.055203619909502, 8.910407239819005, 9.974660633484161, 10.810859728506786, 11.628054298642532, 12.559276018099546, 13.300452488687782, 14.38371040723982, 15.14389140271493, 15.84705882352941, 17.481447963800903]

tip_speed_ratio_value: [15.379746835443036, 14.335443037974684, 12.151898734177216, 11.487341772151893, 10.632911392405063, 9.493670886075947, 8.924050632911388, 8.354430379746837, 7.974683544303794, 7.594936708860757, 7.594936708860757, 7.594936708860757, 7.594936708860757, 7.215189873417721, 6.835443037974684, 6.360759493670884, 5.981012658227847, 5.506329113924053, 5.221518987341767, 4.936708860759488, 4.556962025316452]

tip_speed_ratio_units: ['x: wind speed (m/s)', 'value: -']
